4294967279,547
35,4
35,3
35,2
35,1
4294967279,546
4294967294,435
4294967279,545
4294967278,362
34,4
4294967278,361
34,3
34,2
34,1
4294967278,360
4294967279,544
4294967278,359
4294967278,358
33,6
4294967279,543
33,5
33,4
33,3
33,2
33,1
4294967278,357
32,5
32,4
32,3
32,2
32,1
31,5
31,4
31,3
31,2
31,1
4294967279,542
30,5
30,4
30,3
30,2
30,1
29,4
29,3
29,2
29,1
4294967278,356
4294967279,541
4294967278,355
4294967279,540
4294967278,354
4294967279,539
4294967279,538
4294967278,353
4294967279,537
4294967278,352
4294967279,536
4294967278,351
4294967278,350
4294967278,349
4294967279,535
4294967278,348
4294967278,347
4294967279,534
28,4
28,3
28,2
28,1
27,4
27,3
27,2
27,1
4294967279,533
4294967278,346
4294967279,532
26,6
4294967278,345
26,5
26,4
26,3
26,2
26,1
4294967279,531
4294967279,530
25,5
25,4
25,3
25,2
25,1
4294967278,344
4294967279,529
4294967278,343
4294967279,528
4294967278,342
4294967278,341
24,5
24,4
24,3
24,2
24,1
23,5
23,4
23,3
23,2
23,1
4294967278,340
22,4
22,3
22,2
22,1
4294967278,339
4294967279,527
4294967278,338
4294967279,526
4294967278,337
4294967279,525
4294967279,524
4294967278,336
4294967279,523
4294967279,522
4294967279,521
4294967278,335
4294967278,334
4294967278,333
4294967279,520
21,4
21,3
21,2
21,1
20,4
20,3
20,2
20,1
4294967279,519
19,6
4294967279,518
4294967278,332
19,5
4294967278,331
19,4
19,3
19,2
19,1
4294967278,330
4294967279,517
18,5
4294967279,516
4294967279,515
18,4
4294967278,329
18,3
18,2
18,1
4294967279,514
4294967278,328
4294967279,513
4294967278,327
4294967279,512
4294967278,326
4294967279,319
4294967279,318
4294967278,325
4294967279,317
17,5
4294967279,316
4294967278,324
17,4
17,3
17,2
17,1
4294967279,315
4294967279,314
16,5
16,4
16,3
16,2
16,1
15,4
15,3
15,2
15,1
14,4
14,3
14,2
14,1
4294967278,323
4294967279,313
4294967278,322
4294967279,312
4294967278,321
4294967279,311
4294967278,320
4294967279,310
4294967278,319
4294967278,318
4294967279,309
4294967279,308
4294967279,307
4294967278,317
13,4
13,3
13,2
13,1
4294967279,306
4294967294,1416
12,4
12,3
12,2
12,1
4294967278,316
4294967294,186
4294967279,305
4294967278,315
4294967278,314
11,6
4294967278,313
4294967279,304
4294967279,303
11,5
11,4
11,3
11,2
11,1
4294967278,312
4294967279,302
4294967278,311
4294967278,310
10,5
10,4
10,3
10,2
10,1
4294967279,301
4294967278,309
4294967279,300
4294967278,308
4294967279,299
4294967279,298
9,5
9,4
9,3
9,2
9,1
4294967278,307
4294967279,297
4294967278,306
4294967278,305
8,5
8,4
8,3
8,2
8,1
4294967279,296
7,4
7,3
7,2
7,1
4294967278,304
4294967279,295
4294967278,303
4294967279,294
4294967278,302
4294967278,301
4294967279,293
4294967278,300
4294967279,292
4294967278,299
4294967278,298
4294967279,291
4294967279,290
4294967278,297
4294967279,289
4294967278,296
4294967278,295
6,6
4294967294,471
4294967278,294
4294967279,288
4294967279,287
6,5
6,4
6,3
6,2
6,1
4294967278,293
4294967294,1415
4294967279,286
4294967278,292
4294967278,291
5,5
5,4
5,3
5,2
5,1
4294967279,285
4294967278,290
4294967279,284
4294967278,289
4294967279,283
4,5
4294967278,288
4294967279,282
4,4
4294967278,287
4,3
4,2
4,1
4294967278,286
4294967294,1414
4294967294,1413
4294967294,83
3,5
3,4
3,3
3,2
3,1
4294967294,470
2,4
4294967278,285
2,3
2,2
2,1
4294967278,279
4294967279,281
4294967278,259
4294967279,280
4294967293,131
4294967293,130
4294967293,129
4294967293,128
4294967293,127
4294967293,126
4294967293,125
4294967293,124
4294967293,123
4294967293,122
4294967293,121
4294967293,120
4294967293,119
4294967293,118
4294967293,117
4294967293,116
4294967293,115
4294967293,114
4294967293,113
4294967293,112
4294967293,111
4294967293,110
4294967293,109
4294967293,108
4294967293,107
4294967293,106
4294967293,105
4294967293,104
4294967293,103
4294967293,102
4294967293,101
4294967293,100
4294967293,99
4294967293,98
4294967293,97
4294967293,96
4294967293,95
4294967293,94
4294967293,93
4294967293,92
4294967293,91
4294967293,90
4294967293,89
4294967293,88
4294967293,87
4294967293,86
4294967293,85
4294967293,84
4294967293,83
4294967293,82
4294967293,81
4294967293,80
4294967293,79
4294967293,78
4294967293,77
4294967293,76
4294967293,75
4294967293,74
4294967293,73
